1 0 0 0 0 1 0 0 0 0 1 0 
1 0.000126277 7.06371e-05 -0.00150083 -0.000126277 1 9.08131e-06 -0.0022333 -7.06359e-05 -9.09023e-06 1 -0.00184312 
1 4.16144e-05 6.12083e-05 -0.00277774 -4.16097e-05 1 -7.735e-05 -0.00390195 -6.12115e-05 7.73474e-05 1 -0.00347135 
1 8.98131e-05 0.000115553 -0.00340767 -8.981e-05 1 -2.69795e-05 -0.00648379 -0.000115555 2.69691e-05 1 -0.00351546 
1 0.000114124 0.000105644 -0.00267524 -0.000114099 1 -0.000242141 -0.00677384 -0.000105671 0.000242129 1 -0.00632364 
1 0.000348482 0.000142132 -0.00350894 -0.000348467 1 -0.000111271 -0.0104346 -0.000142171 0.000111221 1 -0.00435641 
1 0.000338691 0.000172145 -0.00460665 -0.000338676 1 -8.91141e-05 -0.0142523 -0.000172175 8.90558e-05 1 -0.00556524 
1 0.000463964 0.000183098 -0.00399655 -0.000463945 1 -0.00010296 -0.015451 -0.000183146 0.000102875 1 -0.00599392 
1 0.000431875 0.000187403 -0.00400949 -0.000431841 1 -0.000179489 -0.0162098 -0.000187481 0.000179408 1 -0.00656644 
1 0.000816455 0.000181809 -0.0040092 -0.000816436 1 -0.000106657 -0.0194935 -0.000181896 0.000106509 1 -0.00710214 
1 0.000965281 0.000207607 -0.00442504 -0.000965344 0.999999 0.000303444 -0.0236786 -0.000207314 -0.000303644 1 -0.00319028 
1 0.000952624 0.000233955 -0.00524924 -0.000952693 1 0.000293561 -0.0273621 -0.000233675 -0.000293783 1 -0.00554126 
0.999999 0.00104921 0.0003519 -0.0064046 -0.00104935 0.999999 0.000409138 -0.0311366 -0.00035147 -0.000409507 1 -0.00401251 
0.999999 0.00120831 0.000382399 -0.00750783 -0.00120852 0.999999 0.000552764 -0.0348613 -0.000381731 -0.000553226 1 -0.00342472 
0.999999 0.00125755 0.000391959 -0.00759048 -0.00125776 0.999999 0.000526123 -0.0353611 -0.000391297 -0.000526616 1 -0.00285355 
0.999999 0.00132585 0.000440108 -0.00844017 -0.00132607 0.999999 0.000497737 -0.0387124 -0.000439448 -0.00049832 1 -0.00322869 
0.999999 0.00149048 0.000459562 -0.00881744 -0.0014908 0.999999 0.000698065 -0.0411767 -0.000458521 -0.000698749 1 -0.00256241 
0.999999 0.00147212 0.000438813 -0.00845087 -0.00147255 0.999998 0.000974865 -0.0464227 -0.000437377 -0.00097551 0.999999 -0.00721217 
0.999998 0.00168664 0.000481026 -0.00935024 -0.00168722 0.999998 0.00121287 -0.0507234 -0.000478979 -0.00121368 0.999999 -0.00518208 
0.999998 0.0017324 0.000487208 -0.00944248 -0.00173305 0.999998 0.00133636 -0.0539258 -0.000484892 -0.00133721 0.999999 -0.00578164 
0.999998 0.00192043 0.000527956 -0.0102125 -0.00192129 0.999997 0.00164954 -0.0582614 -0.000524786 -0.00165055 0.999999 -0.00314608 
