P2: 721.537700 0.000000 609.559300 0.000000 0.000000 721.537700 172.854000 0.000000 0.000000 0.000000 1.000000 0.000000
P3: 721.537700 0.000000 609.559300 -384.381480 0.000000 721.537700 172.854000 1.983557 0.000000 0.000000 1.000000 -0.000016